-3.63217297
0.48285895
12.78014427
-7.48729088
-1.92801204
-1.55847242
3.32143371
4.03821056
-1.84780236
-2.32744408
-3.58429134
-0.86318935
-2.69550071
0.40146991
8.63963711
-3.43965583
-1.05254794
-0.32129078
4.23184963
1.61789356
-0.38575800
0.41637444
4.97085023
1.08295559
0.05133321
1.67564623
6.18899807
0.11659786
2.06392532
1.01400568
3.19951449
4.23415363
1.24574008
4.00548042
8.35442971
-1.32492380
6.78824550
6.05517894
5.26929566
-1.20761989
11.21506766
-1.89498974
-4.58861733
4.11377265
3.62729044
5.42198853
1.70041749
-3.23487974
7.24162946
0.02953578
-2.96951465
1.09454442
2.52971545
4.28589781
-0.70008410
-2.87803559
5.53164763
-0.49363083
-3.01934129
-0.54204419
3.43924119
0.74189272
-2.08496593
-2.48752020
2.74319831
0.37776180
-3.47551092
-1.90773623
4.40975738
-2.57148222
-3.70531691
-2.79056698
-0.00663794
1.85685459
-4.37363027
-3.25926584
4.13370322
-2.58938149
-3.95832817
-2.44824261
2.55598598
0.09391567
-3.09029798
-1.73684370
3.95591622
-0.48511403
-2.25513646
-0.91385487
3.69102618
0.83305406
-1.15615313
-0.35480550
5.88230642
-0.49264137
-0.72626981
1.26652366
2.83222723
4.34818150
1.62414102
0.43747151
10.01939070
-2.68028629
0.47648827
4.32638643
5.92710414
5.76534714
5.07731759
2.74033291
6.96948633
7.71012470
5.05724528
6.22895472
8.15170009
-3.63526029
8.92885867
7.45895280
-6.97814586
4.60141129
12.92599269
0.29237856
1.63696595
-5.13105076
5.60683989
7.36567919
-4.04155520
1.31638113
8.23850927
3.00998856
-0.45311750
-2.88391599
6.71365890
3.67064841
-2.97785724
-0.11095796
6.49041947
2.81843125
-1.43783594
-2.02845864
6.31369364
2.11542848
-2.62489674
-0.73483570
5.50175492
2.13440026
-2.08153228
-1.44396549
6.58749065
0.18510634
-2.62566680
-1.93355081
-3.30495029
-0.87054887
