0.00000000
0.90935895
0.19567882
-0.27782750
-0.02502163
0.26750926
0.82128399
-0.07901203
-1.51961853
-0.43653427
-0.62242550
1.70301737
0.02363152
0.91342339
0.13955267
-0.18560030
-0.03118142
0.19904311
0.85656763
0.16287396
-2.29049943
3.91716920
-0.04177703
-3.13998024
0.04653327
0.91321745
0.08279194
-0.15084235
-0.04444572
0.19385420
0.78878945
-0.17605462
-1.48480627
-1.42041999
-1.30140960
2.77578119
0.06841173
0.90710380
0.04941618
-0.20050653
-0.09263324
0.28243589
0.82166636
-0.14321865
-1.48083159
-0.23829047
-1.41410989
1.49603233
0.09266498
0.90585567
-0.00530032
-0.15734363
-0.11394687
0.27010161
0.90646512
-0.03353662
-2.10936941
2.03298158
-0.56264377
-0.93473855
0.11844955
0.90341220
-0.05754972
-0.11508656
-0.13609507
0.26114548
0.95862886
-0.12858713
-1.62320375
1.25657187
-1.03109601
0.02542836
0.14639838
0.89950949
-0.10349804
-0.07266751
-0.15935490
0.25542564
1.06333223
-0.13650712
-1.93810130
2.10314307
-0.29378541
-0.77023161
0.17728067
0.89466828
-0.15266944
-0.01463479
-0.16772346
0.23662830
1.13808293
-0.26756376
-1.04606469
1.16385628
-1.03965011
0.42570325
0.21021955
0.88554606
-0.17785490
0.01065034
-0.19474136
0.25889002
1.28105265
-0.30491923
-1.68627897
2.18435950
0.37320897
-0.49695403
0.25000000
0.87934427
-0.22765969
0.14674127
-0.16328116
0.16507342
1.58620580
-0.16731003
-0.71670979
7.65417795
0.50876264
-6.31611977
0.28666588
0.88284848
-0.40000000
0.36342175
0.08588922
-0.03994828
1.26128754
0.23366757
-1.50192740
2.21143387
3.58418285
-1.11242249
0.31671740
0.89128815
-0.36801389
0.30347039
0.09587589
0.06038482
1.14811508
0.31208932
1.50013315
-0.15899759
0.06319196
1.14161780
0.34753003
0.89810421
-0.34448227
0.36735388
0.11595269
0.00720683
1.11772410
0.25569367
1.46559318
0.84621231
0.04040255
-0.40471337
0.37544706
0.90458908
-0.29586893
0.34051649
0.10339247
0.04777485
1.05468526
0.17619916
0.91725810
-0.05695739
0.54461553
0.25181841
0.40312029
0.90739199
-0.29554223
0.36758796
0.14410292
0.01644710
1.01566657
0.09693657
0.28224653
0.18765492
1.18959268
-0.45397635
0.42887503
0.91065003
-0.26605177
0.34736469
0.14925773
0.02636271
0.96459306
0.12766810
1.50121580
-0.37677902
-0.25344648
-0.34395379
0.45386444
0.91319103
-0.23345888
0.34759599
0.14967302
-0.00082060
0.91764360
0.05515017
0.78596807
-0.58431032
0.47386582
-0.57804305
0.47729319
0.91468332
-0.20543009
0.31787018
0.15280995
-0.00665722
0.88025238
0.10659212
2.19228502
-0.92313395
-1.16328487
-0.77866825
0.50000000
0.91746758
-0.14129755
0.29466718
0.11413208
-0.03604405
0.82128399
0.01789072
1.02604564
-1.51961853
0.05591823
-0.62242550
0.52065363
0.91592390
-0.14679667
0.24154685
0.15089470
-0.04364640
0.77541732
-0.04941642
0.16765269
-1.93643983
0.95917179
-0.64507403
0.54111231
0.91562468
-0.11962932
0.19356298
0.15053786
-0.06989289
0.76751540
-0.02051416
1.03755162
-2.06572443
-0.03386699
-0.90196621
0.56108594
0.91426508
-0.10251373
0.13222617
0.16086699
-0.08909159
0.76227267
-0.06358158
0.62851105
-2.37954392
0.42351844
-0.78194494
0.58152119
0.91232279
-0.08486964
0.07402586
0.17136579
-0.11629611
0.79042114
-0.09925691
0.45800670
-2.00624650
0.66254517
-1.30861966
0.60295131
0.90937329
-0.07135767
0.01827977
0.18815964
-0.14621923
0.84985988
-0.09843113
1.05719248
-2.53301952
0.07693999
-0.55350616
0.62624227
0.90614378
-0.04505699
-0.04369445
0.19338136
-0.16344155
0.90459171
-0.20814328
-0.09642326
-1.44882769
1.47857872
-1.66325985
0.65123530
0.89975124
-0.04973400
-0.07949538
0.23670026
-0.20469220
1.04028718
-0.16870474
1.63458537
-2.54337487
-0.27322927
0.22654213
0.68166088
0.89742765
0.05010186
-0.15059192
0.16928816
-0.18150342
1.24073832
-0.10709909
4.39929602
-1.12013203
-3.12976227
-0.65708688
0.71470484
0.89092434
0.11988921
-0.16765981
0.14038867
-0.20789210
1.24834636
-0.40629367
0.41063149
-2.22880124
1.47717394
1.10436345
0.75000000
0.87943920
0.14828070
-0.22439285
0.16329508
-0.16696767
1.53991141
-0.32968772
4.72753117
0.58666466
-3.00945738
-0.88653348
0.78696861
0.88292328
0.40000000
-0.40000000
-0.08989071
0.08634971
1.18054872
0.20903885
1.78119232
-1.57920098
-1.00165800
3.54682528
0.81573076
0.89054716
0.27652566
-0.37821958
0.07472529
0.10572413
1.06390010
0.26892973
-0.84711732
0.98045313
1.45734851
0.51487776
0.84658416
0.89616874
0.35918505
-0.37680229
-0.01315968
0.15044713
1.04958975
0.14676368
0.57579995
-0.29828006
-0.56951162
1.89960112
0.87382710
0.89998294
0.29884990
-0.37461750
0.05329919
0.18862381
0.98372642
0.14373840
-0.67329321
0.51642386
0.39391120
0.88953010
0.90138264
0.90366397
0.32437868
-0.35705711
0.00658932
0.21001604
0.95364706
0.09829658
-0.33421605
0.43009682
-0.42382851
0.93473135
0.92683215
0.90575532
0.27897503
-0.34680890
0.03108033
0.23627864
0.91261890
0.07577041
-0.93751069
0.63920651
-0.15677689
0.63847113
0.95213744
0.90768159
0.27218693
-0.32499932
-0.00147108
0.24940315
0.88696752
0.03982894
-0.95279670
0.56793143
-0.53199761
0.67763396
0.97621106
0.90852649
0.22604572
-0.30713707
0.00139040
0.26505948
0.86597242
0.05750864
-1.37114123
1.27513542
-0.44107732
-0.14223954
1.00000000
0.90935895
0.19567882
-0.27782750
-0.02502163
0.26750926
0.82128399
-0.07901203
-1.51961853
-0.43653427
-0.62242550
1.70301737
