0.72159299
-0.50633202
-0.36513587
0.24491702
-0.59870774
-0.53368115
-0.04517776
0.25558380
-0.80155110
0.77556626
-0.92068351
0.32628732
0.76269700
0.35311806
0.32461254
0.15227196
-0.17765553
0.84083884
-0.35451560
-0.01652784
0.70427621
-0.77912569
-0.99963814
-0.29935889
0.39446337
0.00416225
0.77692840
-0.72694936
-0.55730319
0.58572232
0.12231816
0.49335964
-0.59045880
0.60640572
0.37157961
0.74837238
0.02949979
-0.58740127
0.73013979
0.11798747
-0.91001222
-0.58690599
0.73520138
0.55925647
-0.07926051
0.31516564
-0.86991540
0.47391389
0.04015796
-0.27348059
0.87892862
0.23821196
-0.48897956
-0.77706960
0.70812294
0.91466479
0.62775040
-0.02549203
-0.95178761
-0.66382870
-0.97148429
0.69681142
0.83112349
0.50673846
0.88914927
0.15918622
0.18722812
0.42298873
-0.32414360
0.14858658
0.10855855
0.17278833
0.63920347
0.10438777
-0.73821560
-0.56592927
-0.24700935
-0.63183393
0.48799402
0.28992967
0.81933373
0.78916866
-0.71966549
-0.29029582
0.47597664
-0.94686436
0.52990608
0.36486370
0.50115651
0.94860740
0.13831733
0.60708913
0.37768954
0.87340803
0.59435876
0.13476231
-0.18484798
-0.23855066
0.63561440
-0.28595826
-0.56761728
0.65619929
0.81993616
-0.80630351
-0.48855518
0.45760277
0.16396912
-0.99314777
0.51993430
-0.81698806
0.51932604
0.86703953
-0.02712599
0.10618776
0.19454016
0.86359597
-0.91191775
0.38581418
-0.11425169
-0.27819236
-0.12668713
0.66985137
-0.33334855
-0.63301214
-0.57603639
0.53806742
-0.51196479
-0.10093709
0.26736586
-0.27553878
-0.93598964
-0.74944317
0.18309043
-0.99942606
-0.58580323
-0.59370966
-0.42816535
0.28720187
-0.52148914
0.79609229
-0.09011760
-0.56660793
0.38229348
-0.97988107
-0.18171125
-0.34670945
-0.44020769
-0.59941855
-0.61729903
-0.98592279
0.28711949
-0.53803211
