-0.00000000
0.92565780
0.38116497
0.04658881
-0.19904740
-0.09824455
0.79534151
-0.01409596
-0.77048936
0.05322278
-1.66780667
1.11407002
0.02123730
0.92487723
0.35162545
0.04598258
-0.24366107
-0.06617041
0.73818857
-0.04135493
-1.30567020
-0.09010487
-1.58680066
1.19427236
0.04130098
0.92340568
0.31015369
0.04250293
-0.28766865
-0.03250782
0.71280468
-0.06354791
-1.66752497
-0.12994333
-1.56570100
1.20429242
0.06122413
0.92134217
0.25976549
0.03934182
-0.32957587
0.00065682
0.72933961
-0.08596036
-1.94227144
-0.09671220
-1.43270010
1.19407600
0.08237922
0.91867915
0.20396581
0.04035058
-0.36668247
0.03100272
0.80564362
-0.10339676
-2.04051325
0.27243835
-1.22752452
0.89112947
0.10636602
0.91538888
0.14695955
0.05264865
-0.39605657
0.05284457
0.92424257
-0.14238290
-2.05886204
0.47594345
-0.86057308
0.84284086
0.13457182
0.91117019
0.08925461
0.08098859
-0.41052580
0.06290681
1.13218112
-0.14127459
-2.13114950
2.14277893
-0.04659804
-0.74146579
0.16863252
0.90608719
0.03536033
0.14492857
-0.40754643
0.04132642
1.27476050
-0.28494172
-1.48348488
1.06230153
-0.16902883
0.72652474
0.20590609
0.89562709
0.00208503
0.15467403
-0.41182897
0.08749657
1.46416573
-0.41087534
-1.33091030
1.20563488
0.53706383
0.88482157
0.25000000
0.88300554
-0.03758299
0.21341506
-0.37843019
0.08888003
1.66517298
-0.55051314
-1.12248050
1.88377626
1.25459467
0.46274210
0.28039659
0.89073252
-0.16177859
0.25605120
-0.18990783
0.06490447
1.20183340
0.30642741
-1.49566689
1.66078365
3.54012693
-0.84487005
0.31196176
0.89869802
-0.17122990
0.29557885
-0.13103885
0.04748779
1.17710412
0.25910047
-0.54537448
1.15304520
2.40168773
-0.27845268
0.34255074
0.90429872
-0.19393261
0.32500777
-0.05927313
0.03980339
1.15887397
0.19270189
-0.52444872
1.30581357
2.33081357
-0.59380447
0.37263953
0.90891534
-0.19888766
0.35681172
-0.00869121
0.02335269
1.11432839
0.14238036
-0.23535387
0.81013052
1.92573363
-0.32902920
0.40138655
0.91251208
-0.19259947
0.37278398
0.02696967
0.01488767
1.08335185
0.16611082
1.40241137
0.70266323
0.02887290
-0.70214352
0.42912045
0.91615964
-0.15873334
0.38925625
0.02989920
-0.00883152
0.99878315
0.03668294
-0.44782623
0.31858805
1.98226889
-0.81715532
0.45426882
0.91497506
-0.20098106
0.39590711
0.11462403
-0.03630825
0.93379145
-0.04844730
-1.17191726
0.34494594
2.69636896
-1.49940924
0.47815244
0.91469488
-0.20472256
0.40000000
0.15410067
-0.08014661
0.87002545
0.00260931
0.37085519
-0.21570116
0.86833268
-1.61077539
0.50000000
0.91470746
-0.19060341
0.38552386
0.17051110
-0.12168115
0.79534151
0.00264907
0.75609682
-0.77048936
0.32545674
-1.66780667
0.52010041
0.91480132
-0.16643103
0.35986442
0.17303827
-0.16756971
0.73220897
0.00041573
0.99554870
-1.23564430
-0.03748388
-1.73370431
0.53873352
0.91466374
-0.13971660
0.32180332
0.17052769
-0.21315285
0.69050379
-0.01012378
1.04931431
-1.58403222
-0.15999579
-1.78617673
0.55674082
0.91423523
-0.11149454
0.27758527
0.16538771
-0.26114213
0.68343884
-0.02391758
1.07955536
-1.78790404
-0.20449001
-1.81246651
0.57507526
0.91335149
-0.08286470
0.22886837
0.16028586
-0.30790727
0.71811937
-0.04406646
1.10914535
-1.87260348
-0.18550061
-1.75051521
0.59493012
0.91184347
-0.05266279
0.17994141
0.15570623
-0.35222347
0.79773031
-0.07240431
1.19215672
-1.84306450
-0.15873826
-1.58107637
0.61742642
0.90944174
-0.01938014
0.13287415
0.15165848
-0.39028138
0.91848984
-0.11233412
1.35339143
-1.70624672
-0.15691077
-1.30760486
0.64356470
0.90582509
0.01993941
0.09031846
0.14635915
-0.41944284
1.07277830
-0.16450847
1.66892533
-1.53993626
-0.27675235
-0.86232364
0.67405590
0.90057030
0.06855539
0.05301568
0.13728462
-0.43575825
1.24574403
-0.24098860
1.99210713
-1.25318543
-0.37112713
-0.40976971
0.70942129
0.89319623
0.13148215
0.02146366
0.11966504
-0.43583359
1.45249948
-0.31270626
3.07029689
-1.26449051
-1.27275354
0.59415428
0.75000000
0.88316809
0.21639961
-0.00566786
0.08542797
-0.41497116
1.60143953
-0.48562969
2.61361155
-0.46140779
-0.48309009
0.50654098
0.78112532
0.89270814
0.27927515
-0.08024999
0.03646868
-0.28135785
1.13919189
0.33843263
1.78905916
-0.08644489
-1.20201943
1.85398487
0.81248994
0.90169923
0.32067044
-0.05827501
0.01067088
-0.25834540
1.10395992
0.28807622
1.18368733
0.63352219
-0.67442081
0.95929387
0.84255937
0.90869049
0.35058321
-0.04967562
-0.00820400
-0.22259659
1.06925579
0.22800039
1.01987631
0.46979836
-0.75293717
1.07695524
0.87183008
0.91447157
0.37495169
-0.03028233
-0.02925715
-0.20071847
1.03309423
0.18294116
0.68671427
0.69124423
-0.72303804
0.75883813
0.89994468
0.91887066
0.38994625
-0.01266220
-0.05048483
-0.17883628
0.99333980
0.13757795
0.43499899
0.67857208
-0.86537180
0.70540210
0.92697043
0.92215863
0.39869423
0.00732025
-0.07745977
-0.16146089
0.95011205
0.09804264
0.16704501
0.69511936
-1.05501157
0.61653499
0.95270574
0.92433802
0.40000000
0.02508034
-0.11045101
-0.14359803
0.90349724
0.06004955
-0.03853071
0.59537367
-1.36663564
0.65756947
0.97711373
0.92550986
0.39577980
0.03956335
-0.15274323
-0.12403607
0.85223703
0.02411892
-0.30690630
0.41849814
-1.63273597
0.78172629
1.00000000
0.92565780
0.38116497
0.04658881
-0.19904740
-0.09824455
0.79534151
-0.01409596
-0.77048936
0.05322278
-1.66780667
1.11407002
