-0.96883512
0.42975702
-0.58114116
-0.98327269
0.60821928
-0.12501796
-0.07565311
0.50735132
0.45278069
-0.81218714
-0.44358752
0.49817146
0.62591016
0.25489683
-0.99070044
0.96554568
0.36135291
-0.42067722
-0.82743280
0.65386368
-0.49568040
-0.52258560
0.52636148
-0.04760030
0.17116306
-0.58890674
0.36237366
-0.28117211
-0.04757199
-0.33800173
-0.21166660
0.06342800
-0.63781289
0.14902204
0.19989407
0.33048163
-0.38266881
-0.59871486
0.86898222
-0.57674663
0.70343967
0.72704128
0.92802122
0.30839952
-0.67308719
0.20501028
-0.63111169
0.28556228
-0.74042721
0.98575104
-0.69078078
-0.65017331
0.03384593
0.87829175
-0.26373677
-0.74302870
0.54737976
-0.93816235
0.36358980
-0.16763414
-0.88873997
-0.24201284
-0.59283996
-0.06986909
0.49011707
0.97663668
-0.58088723
-0.58555136
0.02367993
-0.82498891
0.57216898
-0.50687655
0.83250645
0.06897381
-0.57450818
-0.94178250
-0.65536990
0.04253163
0.75762842
0.14307577
0.39423612
0.22472190
0.77603148
0.67702228
-0.13677593
-0.25471444
-0.47977921
-0.54823577
-0.00070063
-0.28457353
-0.86402663
-0.77624197
0.16104332
-0.61012207
0.23177372
0.08094299
0.90938949
-0.30508283
0.24108569
-0.86798917
0.50406286
0.01151057
0.92280399
0.20077647
0.69646706
0.71079994
0.72369491
-0.01151446
0.57156555
0.27119680
-0.19594668
-0.12109877
0.52936334
-0.47617798
0.35062325
-0.77298780
-0.96368826
-0.41730237
0.79844286
-0.50158399
0.67905498
0.06250986
0.31866665
0.76353120
-0.23350276
-0.81984866
0.39028635
-0.61298830
-0.99166755
0.50150486
-0.51340038
-0.83803322
-0.03400809
-0.61151985
-0.86578153
-0.83389926
-0.52193548
0.81035494
-0.59965442
0.30583902
0.71443830
-0.54885513
-0.43013042
0.88808335
0.41050857
-0.22684810
0.14480566
-0.61881531
-0.50794692
-0.54403835
0.85886980
-0.38890901
