-0.00000033
0.00000000
-0.00000045
-0.00000034
0.00000000
-0.00000077
-0.00000023
0.00000000
0.00000479
0.00000142
0.00000000
-0.00001157
0.00000009
0.00000000
0.00001004
0.00001793
0.00000000
-0.00029165
0.00002480
0.00000000
-0.00068242
-0.00002023
0.00000000
-0.00014670
0.00002311
0.00000000
0.00014749
0.00002311
0.00000000
0.00014749
-0.00080516
0.00000000
0.00276865
-0.00029642
0.00000000
0.00077813
0.00007221
0.00000000
-0.00022263
-0.00003072
0.00000000
0.00010517
0.00013272
0.00000000
-0.00040364
0.00034566
0.00000000
-0.00094984
0.00002075
0.00000000
-0.00028584
-0.00008139
0.00000000
0.00031348
0.00000057
0.00000000
-0.00000367
0.00000075
0.00000000
0.00000297
0.00000035
0.00000000
0.00000101
0.00000181
0.00000000
-0.00000454
0.00000100
0.00000000
-0.00000244
0.00000101
0.00000000
-0.00000427
0.00000010
0.00000000
-0.00000142
-0.00000021
0.00000000
-0.00000286
-0.00000151
0.00000000
0.00000487
-0.00000597
0.00000000
-0.00007593
0.00000383
0.00000000
-0.00017022
0.00000383
0.00000000
-0.00017022
-0.00077405
0.00000000
0.00236866
-0.00011536
0.00000000
0.00034118
0.00000788
0.00000000
-0.00003949
-0.00000661
0.00000000
0.00003305
-0.00000038
0.00000000
-0.00000440
0.00000039
0.00000000
0.00000217
-0.00000067
0.00000000
0.00000099
0.00000055
0.00000000
-0.00000291
0.00000061
0.00000000
-0.00000450
0.00000061
0.00000000
-0.00000450
