3.63029634
0.00000000
52.70804477
5.40373309
0.00000000
56.28428335
7.51312620
0.00000000
60.24373054
10.00353171
0.00000000
61.12879805
12.38554519
0.00000000
62.46983889
14.33815842
0.00000000
52.13755619
16.75843789
0.00000000
64.98523455
12.74039865
0.00000000
6.00588152
18.97390275
0.00000000
55.15024357
8.26673265
0.00000000
3.89697514
-5.89070008
0.00000000
18.14169205
-13.94434576
0.00000000
59.84240021
1.76796289
0.00000000
36.69266749
-3.65223889
0.00000000
50.98398012
0.78233323
0.00000000
40.73452896
-4.72555894
0.00000000
63.23843234
10.05559452
0.00000000
4.74025272
-2.40509520
0.00000000
65.84970755
1.36438142
0.00000000
50.14466131
2.15930265
0.00000000
56.28227194
3.72887879
0.00000000
57.27526598
5.55722905
0.00000000
61.21487306
7.60243188
0.00000000
62.72529119
9.67822625
0.00000000
62.43374343
11.46989088
0.00000000
59.31273626
12.76450748
0.00000000
53.78479677
13.50311730
0.00000000
47.84434155
13.05937460
0.00000000
37.68502014
14.09914069
0.00000000
41.63286788
5.45378124
0.00000000
2.57093713
-7.68366244
0.00000000
29.39573334
-9.09671054
0.00000000
53.25533109
1.79746964
0.00000000
42.06433631
-0.99274496
0.00000000
48.46881178
1.98747459
0.00000000
44.86669212
2.05021432
0.00000000
46.81660942
3.15160428
0.00000000
46.33362084
3.79411664
0.00000000
47.77393036
4.70631278
0.00000000
49.43353658
6.03111314
0.00000000
51.39948046
