4.57753881
0.00000000
148.62872076
4.80671036
0.00000000
3.63066955
7.21873664
0.00000000
101.04402302
16.21742188
0.00000000
120.18714698
14.17656148
0.00000000
65.88112827
19.87415790
0.00000000
88.73476897
16.31596368
0.00000000
50.94251968
25.01666224
0.00000000
78.47813941
36.23690850
0.00000000
114.82800200
36.23690850
0.00000000
114.82800200
1.91864287
0.00000000
130.52181292
6.23502839
0.00000000
65.82750592
9.59599698
0.00000000
95.20996580
11.47789013
0.00000000
71.01770446
18.67200247
0.00000000
118.30534350
8.59140407
0.00000000
4.05002672
41.30097620
0.00000000
196.54452872
10.56444657
0.00000000
4.98012787
15.86761198
0.00000000
7.48006402
50.39805442
0.00000000
165.68712824
-42.10597473
0.00000000
127.26883306
-21.98506792
0.00000000
102.51548978
-7.50103233
0.00000000
65.44146203
-5.07874052
0.00000000
62.25784289
-3.47273949
0.00000000
60.66920160
-6.82696128
0.00000000
88.03867030
-1.37412831
0.00000000
62.95983504
-3.50366133
0.00000000
95.63955653
0.96297424
0.00000000
61.04164825
0.96297424
0.00000000
61.04164825
-0.06473815
-0.09299000
-0.33019937
-0.08589391
-0.09299000
-0.33997685
-0.11234535
-0.09299000
-0.35066972
-0.13859193
-0.09299000
-0.35212674
-0.16949118
-0.09299000
-0.35230344
-0.20277190
-0.09299000
-0.34685867
-0.24046506
-0.09299000
-0.33828253
-0.28283559
-0.09299000
-0.32690685
-0.32970599
-0.09299000
-0.31055226
-0.32970599
-0.09299000
-0.31055226
