0.22915987
-0.83441383
0.25547767
-0.03281130
0.85467229
0.69088996
-0.07046841
0.37028093
0.36903113
0.21489527
0.68491936
0.75518791
0.14195149
0.07474396
-0.22387127
-0.99921114
0.43936148
-0.38710136
-0.72923166
0.78208366
0.11571251
-0.05188452
-0.61760905
0.84140460
-0.71755175
0.23417192
-0.02160009
0.42308997
-0.72396498
0.06101557
-0.07471864
-0.91432110
-0.63414229
0.65688075
-0.26634124
0.54068807
-0.98030166
-0.33038370
-0.22395185
-0.56111652
-0.59492637
0.82396778
0.36585625
0.33073726
-0.64423055
-0.73649550
0.01109555
0.21810703
0.10219001
-0.85160234
-0.64062974
0.69125606
-0.62446338
0.40279548
-0.82553610
-0.96791012
0.95960855
0.86704744
-0.30015566
0.40434437
-0.57885209
-0.68169713
-0.62393255
-0.00561855
-0.99232509
0.05933715
0.26951103
0.54786546
-0.03168383
0.04623890
0.41556435
0.26673738
-0.92318998
0.61582510
0.74976154
-0.19139241
-0.48247362
-0.07674345
0.51854102
-0.61990444
-0.57662552
0.13865700
-0.75195846
-0.45945632
0.84738091
-0.93735235
-0.81450878
0.25187953
0.70916213
0.26791273
0.46467025
-0.04738920
0.55112685
0.57547401
-0.27764925
-0.44704102
0.53417077
-0.46293013
-0.03854297
0.17742486
0.86396773
-0.24113111
-0.63356789
0.31210399
-0.88154950
0.91316768
0.20229408
0.13565641
-0.53845097
-0.75209289
-0.18734345
0.17473609
0.61283161
0.73301226
-0.12008737
0.76999003
-0.23215958
-0.37262217
0.87523237
0.92974891
0.20281786
0.70507607
0.56527660
0.96761867
-0.53157935
0.78632472
-0.60594395
-0.11349141
-0.73675051
-0.84529704
-0.10092339
0.29781836
-0.53025339
0.16851499
-0.76773526
0.66674776
0.44736270
0.37002081
-0.82889833
-0.96255264
0.67398339
-0.32727807
0.19142661
-0.02860780
0.41603126
0.21655626
-0.63881098
-0.77679621
-0.17712522
-0.89708208
-0.47408516
0.04760847
