-0.01376649
-0.01348920
-0.00141844
0.03208310
0.06081750
-0.03034800
-0.08419074
0.05220071
0.01884176
0.09459825
-0.08508563
-0.05904287
0.07335720
-0.02505927
-0.03077063
-0.01521166
-0.02107154
-0.07520951
0.01123066
-0.07175186
-0.08438459
0.04680650
0.07404351
-0.03579939
-0.02407180
-0.01317161
-0.08184631
-0.06325429
0.05648038
-0.06603706
0.08894641
-0.02467785
-0.07143880
-0.09613922
0.01627926
0.03056819
0.05264673
-0.01276411
0.00033771
-0.06842480
0.01202636
-0.08843162
-0.04017666
0.02764177
0.05837488
-0.06613314
0.09184237
0.05821196
-0.03308240
-0.03756376
0.03595817
-0.07660201
-0.00360082
0.02490458
-0.00127987
0.02496036
0.02876536
-0.08500060
-0.04447143
0.07095753
0.06077096
-0.01315538
-0.02307264
-0.02720266
-0.00158700
0.03675069
-0.09956089
-0.04321211
0.07061754
0.09228148
-0.08500015
0.09390180
0.02171863
-0.07092755
-0.03731372
-0.08188218
0.05397702
0.06140640
0.04307818
-0.01725760
0.07640580
0.09860675
-0.04630007
-0.03088878
0.02705145
0.09139073
0.00571013
-0.07453554
0.02814142
0.00614924
-0.01774766
-0.00124103
-0.00156926
-0.00274782
-0.00733922
-0.02919857
-0.08515251
0.07277598
-0.00362896
0.06882451
0.03418238
-0.06055077
-0.04843308
0.01058818
-0.06194402
0.00526684
0.07969940
0.01019780
-0.01444649
-0.05117925
-0.00201041
-0.08630507
0.05496999
0.08024191
0.01245389
-0.04659927
-0.02250590
-0.09488533
0.02420214
-0.06597132
-0.09293216
-0.09134706
0.07456172
0.04125022
-0.05189784
-0.07387136
-0.04816159
-0.01384186
0.03139548
-0.06846219
0.09635594
-0.02313083
0.08828730
-0.05261611
-0.07505097
0.04325729
-0.07237419
0.03740291
0.09665802
0.00511990
0.04251758
0.02086016
0.03914858
0.03340730
-0.03991658
0.01370623
0.00347008
0.00818557
0.03983487
0.05530849
0.09434370
-0.02876964
0.08684630
0.09069964
0.04809951
0.01254689
0.04487770
0.04875000
-0.03828920
0.07250350
-0.01384707
-0.04163118
-0.02237658
-0.07132949
0.07922898
-0.08322800
0.06207780
0.03438101
-0.08507144
-0.09992903
-0.06352853
0.05476342
0.05537946
-0.06918483
-0.07400622
0.04222577
-0.07848519
0.07409329
-0.04522733
0.05168100
0.02732365
0.03184530
0.08896832
-0.08652342
0.09021411
-0.03340826
-0.05785291
0.06944310
-0.01663626
-0.09577510
0.00382411
0.05156620
-0.09950403
0.01632355
-0.02486081
0.05587543
0.04713872
0.00113296
-0.00189879
0.06865352
-0.02477374
0.05287386
0.02033453
0.04681337
0.02231434
0.05224651
-0.02775224
0.01252845
-0.08116174
0.01439483
-0.01802843
0.00220198
0.01861973
0.08579568
-0.04623181
-0.07593305
-0.05005615
-0.08041811
0.04259207
0.09708256
0.02071484
-0.05930672
0.06573609
0.09594110
0.09356714
-0.01392937
0.04275448
0.02501466
-0.04172081
-0.04396641
0.01138246
-0.02288256
0.07042842
0.09335402
0.07931941
-0.01095184
0.07914970
-0.06691239
0.01311509
0.06537038
-0.02286031
-0.00532089
-0.08626570
0.09785453
0.03537238
0.07947038
0.09379564
0.02893953
-0.03445899
0.03655012
-0.04604580
0.04208067
-0.00622638
-0.04768285
0.07797941
-0.03579796
-0.05432883
0.05729882
0.05325019
-0.07517912
0.09038643
-0.03363471
0.09019126
0.05709432
-0.06304259
0.08748034
0.09891729
0.07232979
0.06695072
0.09271294
0.00126932
-0.06750826
0.02926306
0.05522352
0.07457240
0.07184586
0.06782422
-0.04931274
0.05093920
-0.08650460
-0.09201391
0.00418940
-0.06168372
0.09837251
0.07055468
-0.07149246
0.05546683
-0.00552223
0.01669323
-0.00554216
0.08007303
-0.01635604
-0.01282922
-0.01865763
0.01613568
-0.08356615
-0.06343411
-0.00929190
0.08827970
-0.07047056
0.01167479
-0.03279418
0.08753480
0.01966087
0.07139521
-0.07414892
0.01803338
0.04194990
-0.04564138
-0.02649977
-0.06357232
-0.07485554
-0.07357396
-0.08703926
-0.09694970
0.01359681
-0.00569690
0.01918598
0.03003065
0.03086898
-0.09010592
0.01831035
0.06039842
-0.08389074
0.04387084
0.07768345
-0.08936643
0.01526606
-0.09646546
0.02866695
-0.04278402
-0.04210684
-0.09783281
-0.00635635
-0.01696239
-0.09511970
0.02888603
0.02733692
0.06563469
-0.07681086
-0.05347708
-0.00433464
0.05405811
-0.04358301
-0.08602428
0.01445653
-0.02747375
0.09327361
-0.05964164
-0.00512012
-0.04974152
-0.05610710
-0.07645317
0.00747444
0.00178604
-0.07428598
-0.09888190
0.08482365
-0.06940569
-0.07327006
-0.01778213
-0.05559747
-0.04717586
0.02874077
0.04006787
-0.09311774
0.08515776
0.05404359
0.02133878
-0.04231599
0.04731720
0.01246035
0.02644338
-0.00228875
-0.09538984
0.04999021
-0.09481430
0.00639620
0.07570422
-0.09369621
-0.00878013
-0.09370147
-0.06696627
0.09196882
0.05620407
-0.02557203
0.07213810
-0.00372805
-0.01868978
0.05729586
-0.04968446
-0.09735099
-0.08502013
0.09763274
0.01510935
0.03533877
-0.03972663
0.00066618
0.00562984
-0.03454094
-0.09293760
-0.01866593
-0.02823716
-0.00171774
-0.01236741
0.00479656
-0.00974892
-0.05118795
0.08628286
-0.03565252
-0.03092587
-0.03240692
-0.07835666
0.01938966
-0.02975791
-0.06337679
0.01702240
0.08535143
0.07196197
0.04621865
0.06868419
-0.09251187
-0.02635402
0.07574659
-0.01117780
0.04540880
-0.02597115
0.07645477
-0.04979463
0.06427992
-0.07473317
-0.03319652
0.08182366
0.00867977
0.03001077
-0.09653299
-0.07193055
-0.09974714
-0.05990979
0.04509185
0.08560429
-0.08794781
-0.00868949
0.03351784
-0.09934308
-0.08464926
-0.07549901
-0.01052088
0.06075953
-0.00147017
-0.03406610
-0.08903509
-0.03719024
-0.00879928
-0.02223161
0.03894458
