-4.10054024
-3.16051393
4.31791149
2.78283923
-3.85852029
-2.88763665
4.47741261
2.78162922
-3.16882827
-2.17795555
4.81158218
2.87316902
-2.09511037
-1.17297437
5.16358883
3.13295992
-0.76216282
0.07605256
5.65420825
3.34061483
0.79768827
1.35326380
5.75716130
3.97718672
2.14581011
3.10515763
6.81857215
3.46017207
4.39480331
3.36889842
4.90613742
5.98891811
4.36223474
5.27925871
6.25384821
3.23999420
5.83095328
4.84174342
3.78780939
4.37039092
6.75715531
4.26263249
2.86975737
3.09801126
5.64809782
5.41697673
1.75899577
1.67012246
6.14057278
4.36145748
0.29471856
0.40266404
5.46848801
4.30291471
-1.34632987
-0.76261829
6.04480444
2.67486233
-2.86949551
-2.12570125
3.13220681
4.84982291
-3.93673312
-3.84083435
4.78713379
1.59097339
-4.81434790
-3.74576323
3.76696972
1.58267827
-4.89638169
-3.83712613
3.59737480
0.98769992
-4.57642934
-3.57125324
3.43589046
0.82930167
-3.95543471
-2.89732198
3.53407794
0.77120865
-3.05710490
-2.10142696
3.68174531
0.91916250
-2.01577592
-1.11953652
3.85635449
1.18706271
-0.80161256
-0.07513397
3.99105933
1.53588205
0.49186747
1.04982452
4.05196199
1.89452757
1.85619572
2.18055198
4.05546456
2.12777150
3.19105176
3.35297969
3.77167762
2.36114265
4.55543718
4.38550107
3.86705541
1.72588328
5.56752127
5.72233787
1.90083419
2.73578581
7.25012672
5.74636266
1.12234027
1.53492846
7.97645805
5.78674851
0.36340188
0.38267721
7.33941830
6.67856391
-0.66428987
-0.31706788
7.61780297
6.04999775
-1.50187802
-1.08795682
7.17189358
5.91046175
-2.27511731
-1.75696640
6.88474960
5.40323836
-2.94948433
-2.32760125
6.44086653
5.01355595
-3.47140119
-2.81234482
6.08624241
4.60178066
-3.87661982
-3.09121083
5.82426220
4.29865546
-4.06426335
-3.15446033
5.72309899
4.17681069
