-0.01457084
-0.00767438
-0.03115754
-0.07504078
0.09605565
0.06780046
0.04793519
0.05634322
-0.07327918
-0.08717214
-0.02087828
0.05522424
0.01278384
-0.06144385
-0.00415680
-0.06371027
-0.00586652
-0.07760059
0.01356430
-0.03993822
-0.04492098
-0.01570911
0.05932980
-0.04142367
0.03895749
0.06432468
0.05051759
0.03501315
0.03212515
-0.00154720
-0.00864362
0.05884596
0.01128064
0.07047809
0.01407021
-0.01656005
-0.08388723
0.00377484
0.06891845
0.01024624
0.02617424
-0.01751724
0.07030801
0.08125325
0.06677364
0.02963781
-0.06017041
-0.09309712
-0.00036351
-0.01702114
-0.04975965
-0.06823835
0.08143164
0.04159672
0.09060760
-0.00728770
0.01207481
0.00467782
0.07615223
0.03191970
-0.01214127
-0.06653310
-0.09140654
-0.08596702
0.01594965
0.07890147
0.09528623
-0.01727669
0.00853928
-0.06488418
-0.01037382
-0.01519101
0.00506628
-0.04972346
0.00182575
-0.01350207
0.09187326
-0.00756664
0.07921021
0.00394807
0.09711117
0.05536245
-0.06413221
-0.02065437
0.03388311
0.08628629
-0.05866196
-0.05016722
0.06518777
-0.06337573
0.03255607
-0.02627294
-0.02825991
-0.07781775
0.05853604
-0.05783229
-0.09115123
-0.08594243
-0.06416610
-0.09927797
0.00649092
-0.08495589
0.00467010
0.00360210
0.07040656
0.04053789
0.08294773
0.00985289
0.04692686
0.07849599
-0.07532998
0.01211463
-0.08487973
0.05722608
0.08584169
-0.01313964
0.07940833
0.04437774
0.02902805
-0.07632198
-0.04468255
-0.09115212
0.01252077
0.06180836
-0.07610802
-0.08280911
-0.03458952
0.09429854
0.05772878
-0.05164179
0.00415143
0.09868289
-0.08019460
0.09819014
-0.03195971
-0.06507433
0.05541623
-0.04611801
0.02178601
0.03482456
0.09825973
-0.04918592
0.05850258
0.00120971
0.04036443
0.02552923
0.00919975
0.06425641
0.04272012
0.07461023
0.05855495
0.00044890
-0.07703156
-0.03729360
-0.00086819
-0.06803278
-0.02915791
-0.04406685
0.05874686
-0.07374167
0.00981513
-0.01946711
0.06108289
0.00807486
0.03134695
0.01958547
-0.09071541
-0.07657909
0.04782227
-0.01998794
0.05572289
-0.00945760
-0.04537771
0.01427785
0.09099129
-0.02240928
0.07698424
-0.00987689
0.00955793
-0.01899995
0.05338394
0.06356810
-0.04012454
-0.03680091
-0.05589901
-0.07904165
0.07127395
0.07544794
0.04054382
0.08055853
0.09886884
0.09164586
-0.05030680
0.03883524
-0.05878375
0.00431547
-0.04688690
-0.06779245
0.08190619
-0.06990265
0.02233064
-0.00853586
0.01109738
-0.01489431
-0.02051327
0.07859826
-0.09450204
0.02358770
0.09955661
0.07677190
-0.00096434
0.04010043
0.05733043
-0.00209550
0.03174630
0.06018200
-0.04630609
0.05207209
-0.07840568
0.00680699
0.08427964
-0.09649949
0.03690434
0.00661028
-0.00503536
-0.05199827
0.09171596
-0.01612043
-0.01096295
-0.06832360
0.06699478
-0.01140634
-0.09155169
-0.03396956
-0.07130590
0.06577874
0.06393492
0.06044040
0.02596075
-0.06847943
0.08888870
0.07039371
-0.06420003
0.07316834
0.07389422
0.07270430
-0.02022136
-0.03114113
-0.07929396
-0.02850540
0.05273842
0.08462637
-0.08940673
0.09502823
0.05956407
-0.08095843
-0.03894133
0.08825817
0.08482030
-0.07500640
0.04869857
0.01078105
-0.04348583
-0.07600235
0.07570727
0.08879057
0.00965471
0.04960149
0.06149488
0.08943334
-0.08153964
0.08220091
-0.03907205
0.07119878
0.06682729
-0.05713868
0.08988897
-0.02660419
0.07975047
-0.04905236
-0.03834602
0.06457078
-0.02405877
-0.08964744
-0.02464815
0.03245539
-0.06564980
-0.07705049
0.07613137
-0.03090940
-0.03692226
0.03762625
-0.04147605
-0.01846191
0.01982717
0.01945188
-0.04726312
-0.01334553
0.06231320
-0.09714747
0.04954074
0.04331191
0.02235181
-0.08880528
0.00788270
0.09829303
-0.07845272
0.08323454
0.03074843
-0.04410253
-0.09381594
-0.03148261
-0.06528947
-0.05492865
0.05699590
-0.00676553
0.02660943
-0.02317692
-0.08731365
0.07934631
0.06347753
0.07499954
0.08219883
-0.05500726
-0.01092780
-0.06125127
-0.08812005
0.09695490
-0.06295823
-0.06657278
0.08018944
0.06779019
-0.01067531
0.08637350
-0.06369242
0.03256295
-0.03662746
0.00892851
-0.02006158
0.08998197
0.08575158
-0.00737523
0.06932828
0.04922912
-0.03237568
0.05152712
0.09422186
0.01876879
0.04936749
0.03133395
0.08331449
0.08640926
0.06476117
0.06350394
0.05419945
-0.04591414
0.04987744
0.09050703
0.08664881
0.00187087
-0.05249007
0.06851324
-0.03783726
-0.06673848
-0.03886198
-0.06850897
0.08249064
0.02876232
0.08301814
0.07671250
-0.05246887
-0.01969445
-0.00168090
-0.05002035
-0.07689195
-0.03691972
-0.08651641
0.07730750
0.01716612
0.06336103
0.06781453
0.00381494
-0.03476808
0.07662275
0.02231999
0.01096625
0.02316780
0.08345800
0.04245728
0.00565845
0.01222032
0.02547543
-0.01762903
0.05975144
-0.09421902
0.06970224
0.02242576
-0.07049091
-0.01186404
0.03590935
-0.09318341
-0.09469791
-0.00072961
0.07463111
0.00911702
0.06450230
0.05125387
0.05151338
0.01102365
0.06458748
-0.07591296
-0.04651906
-0.02975406
0.03630736
0.07895636
0.05261690
-0.00394118
0.08473734
0.02231915
-0.07720459
0.05822927
0.03598703
0.01551858
0.06504585
0.04128912
-0.08521102
0.03967697
-0.04959385
0.07929127
-0.00906915
-0.09808046
-0.00239968
-0.09207330
0.06231638
-0.04450717
-0.02182736
-0.00137624
-0.06555080
-0.06921046
0.09468256
-0.08081346
0.05310868
-0.08252203
-0.02362999
-0.09868390
0.07149781
-0.09489600
0.04260521
0.08628678
0.04478097
0.09301135
0.06557805
-0.06428818
0.09493088
-0.03682162
0.02670005
0.72159299
-0.50633202
-0.36513587
0.24491702
-0.59870774
-0.53368115
-0.04517776
0.25558380
-0.80155110
0.77556626
-0.92068351
0.32628732
0.76269700
0.35311806
0.32461254
0.15227196
-0.17765553
0.84083884
-0.35451560
-0.01652784
0.70427621
-0.77912569
-0.99963814
-0.29935889
0.39446337
0.00416225
0.77692840
-0.72694936
-0.55730319
0.58572232
0.12231816
0.49335964
-0.59045880
0.60640572
0.37157961
0.74837238
0.02949979
-0.58740127
0.73013979
0.11798747
-0.91001222
-0.58690599
0.73520138
0.55925647
-0.07926051
0.31516564
-0.86991540
0.47391389
0.04015796
-0.27348059
0.87892862
0.23821196
-0.48897956
-0.77706960
0.70812294
0.91466479
0.62775040
-0.02549203
-0.95178761
-0.66382870
-0.97148429
0.69681142
0.83112349
0.50673846
0.88914927
0.15918622
0.18722812
0.42298873
-0.32414360
0.14858658
0.10855855
0.17278833
0.63920347
0.10438777
-0.73821560
-0.56592927
-0.24700935
-0.63183393
0.48799402
0.28992967
0.81933373
0.78916866
-0.71966549
-0.29029582
0.47597664
-0.94686436
0.52990608
0.36486370
0.50115651
0.94860740
0.13831733
0.60708913
0.37768954
0.87340803
0.59435876
0.13476231
-0.18484798
-0.23855066
0.63561440
-0.28595826
-0.56761728
0.65619929
0.81993616
-0.80630351
-0.48855518
0.45760277
0.16396912
-0.99314777
0.51993430
-0.81698806
0.51932604
0.86703953
-0.02712599
0.10618776
0.19454016
0.86359597
-0.91191775
0.38581418
-0.11425169
-0.27819236
-0.12668713
0.66985137
-0.33334855
-0.63301214
-0.57603639
0.53806742
-0.51196479
-0.10093709
0.26736586
-0.27553878
-0.93598964
-0.74944317
0.18309043
-0.99942606
-0.58580323
-0.59370966
-0.42816535
0.28720187
-0.52148914
0.79609229
-0.09011760
-0.56660793
0.38229348
-0.97988107
-0.18171125
-0.34670945
-0.44020769
-0.59941855
-0.61729903
-0.98592279
0.28711949
-0.53803211
0.02700000
0.02700000
0.02700000
0.02700000
0.02700000
0.02700000
0.02700000
0.02700000
0.02700000
0.02700000
0.02700000
0.02700000
0.02700000
0.02700000
0.02700000
0.02700000
0.02700000
0.02700000
0.02700000
0.02700000
0.02700000
0.02700000
0.02700000
0.02700000
0.02700000
0.02700000
0.02700000
0.02700000
0.02700000
0.02700000
0.02700000
0.02700000
0.02700000
0.02700000
0.02700000
0.02700000
0.02700000
0.00000000
0.00000000
87.60330000
0.00000000
0.00000000
87.60330000
0.00000000
0.00000000
87.60330000
0.00000000
0.00000000
87.60330000
0.00000000
0.00000000
87.60330000
0.00000000
0.00000000
87.60330000
0.00000000
0.00000000
87.60330000
0.00000000
0.00000000
87.60330000
0.00000000
0.00000000
87.60330000
0.00000000
0.00000000
87.60330000
0.00000000
0.00000000
87.60330000
0.00000000
0.00000000
87.60330000
0.00000000
0.00000000
87.60330000
0.00000000
0.00000000
87.60330000
0.00000000
0.00000000
87.60330000
0.00000000
0.00000000
87.60330000
0.00000000
0.00000000
87.60330000
0.00000000
0.00000000
87.60330000
0.00000000
0.00000000
87.60330000
0.00000000
0.00000000
0.00000000
0.00000000
0.00000000
0.00000000
0.00000000
0.00000000
0.00000000
0.00000000
0.00000000
0.00000000
0.00000000
0.00000000
0.00000000
0.00000000
0.00000000
0.00000000
0.00000000
0.00000000
0.00000000
0.00000000
0.00000000
0.00000000
0.00000000
0.00000000
0.00000000
nan
nan
nan
nan
nan
nan
nan
nan
nan
nan
nan
nan
nan
nan
nan
nan
nan
nan
nan
nan
nan
nan
nan
nan
nan
nan
nan
nan
nan
nan
nan
0.00000000
0.00000000
87.60330000
0.00000000
0.00000000
87.60330000
0.00000000
0.00000000
87.60330000
0.00000000
0.00000000
87.60330000
0.00000000
0.00000000
87.60330000
0.00000000
0.00000000
87.60330000
0.00000000
0.00000000
87.60330000
0.00000000
0.00000000
87.60330000
0.00000000
0.00000000
87.60330000
0.00000000
0.00000000
87.60330000
0.00000000
0.00000000
87.60330000
0.00000000
0.00000000
87.60330000
0.00000000
0.00000000
87.60330000
0.00000000
0.00000000
87.60330000
0.00000000
0.00000000
87.60330000
0.00000000
0.00000000
87.60330000
0.00000000
0.00000000
87.60330000
0.00000000
0.00000000
87.60330000
0.00000000
0.00000000
87.60330000
0.00000000
0.00000000
87.60330000
0.00000000
0.00000000
87.60330000
0.00000000
0.00000000
87.60330000
0.00000000
0.00000000
87.60330000
0.00000000
0.00000000
87.60330000
0.00000000
0.00000000
87.60330000
0.00000000
0.00000000
87.60330000
0.00000000
0.00000000
87.60330000
0.00000000
0.00000000
87.60330000
0.00000000
0.00000000
87.60330000
0.00000000
0.00000000
87.60330000
0.00000000
0.00000000
87.60330000
0.00000000
0.00000000
87.60330000
0.00000000
0.00000000
87.60330000
0.00000000
0.00000000
87.60330000
0.00000000
0.00000000
87.60330000
0.00000000
0.00000000
87.60330000
0.00000000
0.00000000
87.60330000
0.00000000
0.00000000
87.60330000
0.00000000
0.00000000
87.60330000
0.00000000
0.00000000
0.00000000
0.00000000
0.00000000
0.00000000
0.00000000
0.00000000
0.00000000
0.00000000
0.00000000
0.00000000
0.00000000
0.00000000
0.00000000
0.00000000
0.00000000
0.00000000
0.00000000
0.00000000
0.00000000
0.00000000
0.00000000
0.00000000
0.00000000
0.00000000
0.00000000
0.00000000
0.00000000
0.00000000
0.00000000
0.00000000
0.00000000
0.00000000
0.00000000
0.00000000
0.00000000
0.00000000
0.00000000
0.00000000
0.00000000
0.00000000
0.00000000
0.00000000
0.00000000
0.00000000
0.00000000
0.00000000
0.00000000
0.00000000
0.00000000
0.00000000
0.00000000
0.00000000
0.00000000
0.00000000
0.00000000
nan
nan
nan
nan
nan
nan
nan
nan
nan
nan
nan
nan
nan
nan
nan
nan
nan
nan
nan
nan
nan
nan
nan
nan
nan
nan
nan
nan
nan
nan
nan
nan
nan
nan
nan
nan
nan
nan
nan
nan
nan
nan
nan
nan
nan
nan
nan
nan
nan
nan
nan
nan
nan
nan
nan
nan
nan
nan
nan
nan
nan
nan
nan
nan
nan
nan
nan
nan
nan
nan
0.00000000
0.00000000
87.60330000
0.00000000
0.00000000
87.60330000
0.00000000
0.00000000
87.60330000
0.00000000
0.00000000
87.60330000
0.00000000
0.00000000
87.60330000
0.00000000
0.00000000
87.60330000
0.00000000
0.00000000
87.60330000
0.00000000
0.00000000
87.60330000
0.00000000
0.00000000
87.60330000
0.00000000
0.00000000
87.60330000
0.00000000
0.00000000
87.60330000
0.00000000
0.00000000
87.60330000
0.00000000
0.00000000
87.60330000
0.00000000
0.00000000
87.60330000
0.00000000
0.00000000
87.60330000
0.00000000
0.00000000
87.60330000
0.00000000
0.00000000
87.60330000
0.00000000
0.00000000
87.60330000
0.00000000
0.00000000
87.60330000
0.00000000
0.00000000
0.00000000
0.00000000
0.00000000
0.00000000
0.00000000
0.00000000
0.00000000
0.00000000
0.00000000
0.00000000
0.00000000
0.00000000
0.00000000
0.00000000
0.00000000
0.00000000
0.00000000
0.00000000
0.00000000
0.00000000
0.00000000
0.00000000
0.00000000
0.00000000
0.00000000
nan
nan
nan
nan
nan
nan
nan
nan
nan
nan
nan
nan
nan
nan
nan
nan
nan
nan
nan
nan
nan
nan
nan
nan
nan
nan
nan
nan
nan
nan
nan
nan
nan
nan
nan
nan
nan
nan
nan
nan
